10000 27458 1
10000 27449 1
10000 27454 1
10000 27459 1
10000 27650 1
10000 27464 1
10000 27494 1
10000 27486 1
10000 27455 1
10000 27462 1
10000 27465 1
10000 13758 2
10000 13752 2
10000 13781 2
10000 13944 2
10000 13755 2
10000 13750 2
10000 13771 2
10000 13756 2
10000 13962 2
10000 13753 2
10000 16303 2
10000 9223 3
10000 9185 3
10000 11294 3
10000 11321 3
10000 9229 3
10000 9225 3
10000 11432 3
10000 9171 3
10000 9166 3
10000 11261 3
10000 11270 3
10000 8809 4
10000 8561 4
10000 6952 4
10000 8667 4
10000 8645 4
10000 8660 4
10000 6989 4
10000 9117 4
10000 8952 4
10000 6999 4
10000 6970 4
10000 8292 5
10000 8178 5
10000 7022 5
10000 6946 5
10000 7067 5
10000 6918 5
10000 7074 5
10000 6925 5
10000 7121 5
10000 6919 5
10000 7062 5
10000 7359 6
10000 7438 6
10000 8850 6
10000 8258 6
10000 7921 6
10000 8489 6
10000 7260 6
10000 7249 6
10000 7235 6
10000 7252 6
10000 7285 6
10000 7592 7
10000 7369 7
10000 8205 7
10000 7160 7
10000 7468 7
10000 7305 7
10000 7930 7
10000 7465 7
10000 7415 7
10000 7245 7
10000 7436 7
10000 8224 8
10000 8145 8
10000 7424 8
10000 7575 8
10000 7621 8
10000 7393 8
10000 7605 8
10000 7392 8
10000 7327 8
10000 6944 8
10000 6914 8
