10000 26995 1
10000 27005 1
10000 26992 1
10000 26986 1
10000 27002 1
10000 27002 1
10000 27004 1
10000 26995 1
10000 26997 1
10000 27000 1
10000 26992 1
10000 13514 2
10000 13517 2
10000 13518 2
10000 13517 2
10000 13520 2
10000 13524 2
10000 13522 2
10000 13519 2
10000 13517 2
10000 13515 2
10000 13518 2
10000 9019 3
10000 9017 3
10000 9021 3
10000 9059 3
10000 9041 3
10000 9012 3
10000 9018 3
10000 9021 3
10000 9020 3
10000 9015 3
10000 9021 3
10000 6954 4
10000 6811 4
10000 6812 4
10000 6815 4
10000 6804 4
10000 6796 4
10000 6798 4
10000 7024 4
10000 6960 4
10000 7029 4
10000 6877 4
10000 7340 5
10000 7573 5
10000 7222 5
10000 8136 5
10000 7882 5
10000 7132 5
10000 7326 5
10000 7312 5
10000 6942 5
10000 7339 5
10000 7361 5
10000 6987 6
10000 7129 6
10000 6963 6
10000 7065 6
10000 7068 6
10000 6950 6
10000 7219 6
10000 6840 6
10000 7205 6
10000 6863 6
10000 7125 6
10000 6839 7
10000 6997 7
10000 6918 7
10000 6924 7
10000 6843 7
10000 6997 7
10000 6911 7
10000 7169 7
10000 7215 7
10000 7067 7
10000 6957 7
10000 6839 8
10000 6820 8
10000 6816 8
10000 6815 8
10000 6836 8
10000 6822 8
10000 6801 8
10000 6792 8
10000 6854 8
10000 6833 8
10000 6856 8
