10000 19043 1
10000 19078 1
10000 19025 1
10000 19083 1
10000 19062 1
10000 19037 1
10000 19073 1
10000 19080 1
10000 19095 1
10000 19042 1
10000 10180 2
10000 10197 2
10000 10178 2
10000 10184 2
10000 10178 2
10000 10179 2
10000 10192 2
10000 10178 2
10000 10191 2
10000 10179 2
10000 8157 3
10000 8110 3
10000 8108 3
10000 8038 3
10000 8027 3
10000 8112 3
10000 8108 3
10000 8106 3
10000 8111 3
10000 8093 3
10000 6326 4
10000 6315 4
10000 6317 4
10000 6316 4
10000 6312 4
10000 6313 4
10000 6311 4
10000 6316 4
10000 6312 4
10000 6312 4
10000 6893 5
10000 6725 5
10000 6584 5
10000 6452 5
10000 6352 5
10000 6330 5
10000 6436 5
10000 6456 5
10000 6498 5
10000 6572 5
10000 6397 6
10000 6297 6
10000 6530 6
10000 6361 6
10000 6334 6
10000 6446 6
10000 6322 6
10000 6344 6
10000 6480 6
10000 6472 6
10000 6371 7
10000 6410 7
10000 6344 7
10000 6421 7
10000 6433 7
10000 6410 7
10000 6407 7
10000 6450 7
10000 6312 7
10000 6412 7
10000 6317 8
10000 6317 8
10000 6295 8
10000 6298 8
10000 6305 8
10000 6297 8
10000 6289 8
10000 6291 8
10000 6310 8
10000 6314 8
