10000 18836 1
10000 18873 1
10000 18851 1
10000 18844 1
10000 18844 1
10000 18864 1
10000 18853 1
10000 18875 1
10000 18821 1
10000 18871 1
10000 10079 2
10000 10074 2
10000 10075 2
10000 10071 2
10000 10068 2
10000 10085 2
10000 10070 2
10000 10070 2
10000 10071 2
10000 10070 2
10000 7915 3
10000 7960 3
10000 7771 3
10000 7749 3
10000 8084 3
10000 9497 3
10000 8892 3
10000 7771 3
10000 7807 3
10000 8093 3
10000 6547 4
10000 6687 4
10000 6562 4
10000 8357 4
10000 6512 4
10000 6514 4
10000 6519 4
10000 6523 4
10000 7520 4
10000 6752 4
10000 6571 5
10000 7286 5
10000 6553 5
10000 6548 5
10000 6566 5
10000 6597 5
10000 6540 5
10000 6748 5
10000 6518 5
10000 6548 5
10000 6601 6
10000 6571 6
10000 6784 6
10000 6608 6
10000 6601 6
10000 6590 6
10000 6603 6
10000 6601 6
10000 6623 6
10000 6587 6
10000 6649 7
10000 6634 7
10000 6651 7
10000 6630 7
10000 6643 7
10000 6759 7
10000 7205 7
10000 6631 7
10000 7136 7
10000 6622 7
10000 7511 8
10000 7136 8
10000 7631 8
10000 6639 8
10000 6658 8
10000 6642 8
10000 7695 8
10000 6632 8
10000 6626 8
10000 7346 8
