# Ordem da matriz - Tempo de execução - Número de threads
10000 18955 1
10000 18876 1
10000 18874 1
10000 18865 1
10000 18867 1
10000 18864 1
10000 18864 1
10000 18861 1
10000 18865 1
10000 18862 1
10000 12221 2
10000 10084 2
10000 10071 2
10000 11738 2
10000 11903 2
10000 10073 2
10000 11543 2
10000 10069 2
10000 10067 2
10000 14010 2
10000 15865 2
10000 14369 2
10000 7850 3
10000 9125 3
10000 13834 3
10000 8089 3
10000 12379 3
10000 13142 3
10000 11358 3
10000 11416 3
10000 11826 3
10000 14533 3
10000 11967 3
10000 8357 4
10000 6542 4
10000 8969 4
10000 9416 4
10000 12588 4
10000 10236 4
10000 10542 4
10000 10929 4
10000 11028 4
10000 9352 4
10000 10583 4
10000 6575 5
10000 6565 5
10000 6573 5
10000 10410 5
10000 8373 5
10000 10136 5
10000 8385 5
10000 11658 5
10000 10358 5
10000 9037 5
10000 12929 5
10000 6606 6
10000 8947 6
10000 8406 6
10000 10342 6
10000 9866 6
10000 10960 6
10000 11725 6
10000 11036 6
10000 9679 6
10000 10264 6
10000 11107 6
10000 7995 7
10000 10208 7
10000 10261 7
10000 11249 7
10000 10043 7
10000 9726 7
10000 11116 7
10000 12032 7
10000 11646 7
10000 11264 7
10000 11309 7
10000 6649 8
10000 6691 8
10000 6725 8
10000 10238 8
10000 10203 8
10000 8452 8
10000 10385 8
10000 10304 8
10000 10769 8
10000 10659 8
10000 9865 8
