# Ordem da matriz - Tempo de execução - Número de threads
10000 19091 1
10000 19091 1
10000 19085 1
10000 19082 1
10000 19083 1
10000 19094 1
10000 19085 1
10000 19070 1
10000 19090 1
10000 19093 1
10000 20903 1
10000 10192 2
10000 10177 2
10000 10175 2
10000 11505 2
10000 12730 2
10000 16635 2
10000 14477 2
10000 15896 2
10000 14428 2
10000 14120 2
10000 15553 2
10000 8055 3
10000 9896 3
10000 11686 3
10000 12362 3
10000 12363 3
10000 8059 3
10000 8054 3
10000 8125 3
10000 8033 3
10000 8014 3
10000 8045 3
10000 8139 3
10000 8022 3
10000 8128 3
10000 8104 3
10000 8107 3
