# Ordem da matriz - Tempo de execução - Número de threads
10000 19079 1
10000 19088 1
10000 19073 1
10000 19081 1
10000 19074 1
10000 19067 1
10000 19069 1
10000 19078 1
10000 19084 1
10000 19078 1
10000 19068 1
10000 10185 2
10000 10173 2
10000 10172 2
10000 10182 2
10000 10172 2
10000 10187 2
10000 11973 2
10000 12337 2
10000 14116 2
10000 14120 2
10000 14480 2
10000 6336 4
10000 8149 4
10000 8109 4
10000 9888 4
10000 8111 4
10000 9905 4
10000 8378 4
10000 9938 4
10000 8795 4
10000 9687 4
10000 10725 4
10000 8112 3
10000 10274 3
10000 11240 3
10000 10598 3
10000 12416 3
10000 10269 3
10000 12019 3
10000 11803 3
10000 12555 3
10000 12471 3
10000 12338 3
10000 6336 4
10000 6340 4
10000 6312 4
10000 6325 4
10000 6328 4
10000 7558 4
10000 8586 4
10000 8481 4
10000 8474 4
10000 10630 4
10000 8491 4
10000 6554 5
10000 6429 5
10000 6742 5
10000 6442 5
10000 6461 5
10000 6393 5
10000 6620 5
10000 6320 5
10000 9036 5
10000 8128 5
10000 8565 5
10000 6338 6
10000 6406 6
10000 6351 6
10000 6419 6
10000 6342 6
10000 6381 6
10000 6343 6
10000 8559 6
10000 8331 6
10000 8120 6
10000 9786 6
